0	0
1	0.744
2	0.736
3	0.742
4	0
5	0.399
6	0.39
7	0
8	0.253
9	0.298
10	0.278
11	0.4
12	0.269
13	0
14	0.658
15	0.656
16	0.637
17	0.693
18	0
19	0.441
20	0.44
21	0.421
22	0
23	0.35
24	0.348
25	0
26	0.358
27	0.355
28	0
29	0.251
30	0.237
31	0.242
32	0.247
33	0.267
34	0
35	0
36	0.738
37	0.756
38	0.759
39	0
40	0.768
41	0.76
42	0.771
43	0
44	0.739
45	0.707
46	0
47	0.929
48	0.946
49	0
50	0.914
51	0.743
52	0
53	0
54	0.246
55	0
56	0.537
57	0
58	0.6
59	0
60	0.768
61	0.549
62	0
63	0.871
64	0.878
65	0
66	0.768
67	0
68	0.711
69	0
70	0.451
71	0
72	0.336
73	0
74	0
75	0
76	0
77	0
78	0
79	0.583
80	0.571
81	0
82	0.542
83	0.545
84	0.515
85	0.535
86	0
87	0.635
88	0.635
89	0
90	0.623
91	0.614
92	0
93	0.324
94	0
95	0.284
96	0.261
97	0
98	0.137
99	0.128
100	0.096
101	0.125
102	0.117
103	0.135
104	0.113
105	0.115
106	0.105
107	0.138
108	0
109	0.746
110	0.751
111	0
112	0.592
113	0.592
114	0
115	0.73
116	0.751
117	0.768
118	0
119	0.604
120	0.609
121	0
122	0
123	0.494
124	0.496
125	0.479
126	0
127	0.652
128	0.645
129	0
130	0.878
131	0.879
132	0
133	0.803
134	0.8
135	0
136	0.636
137	0.631
138	0.627
139	0.627
140	0
141	0.979
142	0.809
143	0
144	0.414
145	0.441
146	0.423
147	0.428
148	0
149	0.542
150	0.535
151	0.528
152	0.531
153	0.427
154	0.527
155	0.416
156	0
157	0
158	0.875
159	0
160	0.885
161	0.905
162	0
163	0.662
164	0.653
165	0.648
166	0.673
167	0
168	0.389
169	0.376
170	0.384
171	0.388
172	0
173	0.444
174	0.443
175	0.418
176	0.421
177	0.36
178	0.348
179	0.357
180	0
181	0
182	0
183	0.243
184	0.225
185	0.214
186	0.225
187	0.353
188	0.342
189	0.337
190	0.206
191	0.212
192	0.248
193	0
194	0.865
195	0.873
196	0.938
197	0
198	0.262
199	0.258
200	0.273
201	0
202	0.335
203	0.386
204	0.366
205	0.357
206	0
207	0.212
208	0.226
209	0
210	0.257
211	0.262
212	0.254
213	0
214	0.238
215	0.265
216	0.226
217	0
218	0.451
219	0.46
220	0.464
221	0.88
222	0
223	0.659
224	0.618
225	0.88
226	0
227	0.535
228	0.533
229	0
230	0.896
231	0.896
232	0
233	0.176
234	0.168
235	0.151
236	0.155
237	0.165
238	0.156
239	0
240	0.144
241	0.123
242	0.121
243	0.135
244	0
245	0.28
246	0
247	0
248	1
249	0
250	0.088
251	0
252	0.185
253	0.173
254	0
255	0.682
256	0.387
257	0.417
258	0.396
259	0
260	0.381
261	0
262	0.702
263	0.376
264	0.494
265	0
266	0.724
267	0.276
268	0
269	0.199
270	0
271	0.848
272	0.879
273	0
274	0.827
275	0.7
276	0.708
277	0
278	0.187
279	0
280	0
281	0
282	0
283	0
284	0
285	0
286	0.06
287	0
288	0
289	0
290	0
291	0
292	0
293	0
294	0.042
295	0
296	0
297	0
298	0.049
299	0.335
300	0.099
301	0
302	0
303	0.408
304	0.191
305	0.25
306	0
307	0
308	0.054
309	0.311
310	0
311	0
312	0
313	0.055
314	0
315	0
316	0
317	0
318	0
319	0
320	0.23
321	0.631
322	0
323	0.446
324	0
325	0.038
326	0
327	0.507
328	0.512
329	0.56
330	0
331	0
332	0
333	0.412
334	0.032
335	0.605
336	0
337	0.085
338	0
339	0.211
340	0
341	0.107
342	0
343	0.226
344	0.018
345	0.763
346	0
347	0.016
348	0.551
349	0
350	0.244
351	0.104
352	0.105
353	0
354	0.639
355	0
356	0
357	0
358	0
359	0
360	0
361	0.034
362	0.042
363	0
364	0
365	0.078
366	0.144
367	0
368	0
369	0.138
370	0
371	0.803
372	0.538
373	0
374	0.871
375	0
376	0
377	0.832
378	0.319
379	0
380	0
381	0.229
382	0
383	0.216
384	0.268
385	0
386	0
387	0
388	0
389	0.611
390	0
391	0
392	0
393	0.54
394	0.08
395	0
396	0
397	0
398	0
399	0
400	0
401	0.289
402	0.313
403	0
404	0
405	0.121
406	0
407	0
408	0.305
409	0
410	0
411	0
412	0
413	0
414	0
415	0
416	0
417	0
418	0
419	0.312
420	0.367
421	0
422	0
423	0.168
424	0
425	0
426	0.087
427	0
428	0
429	0.064
430	0
431	0
432	0
433	0.058
434	0.299
435	0
436	0.063
437	0.148
438	0
439	0.372
440	0.262
441	0.242
442	0
443	0
444	0
445	0
446	0
447	0
448	0.473
449	0.498
450	0
451	0
452	0
453	0
454	0
455	0
456	0
457	0
458	0
459	0
460	0
461	0
462	0
463	0
464	0.749
465	0.549
466	0.738
467	0.24
468	0.269
469	0.537
470	0
471	0
472	0
473	0
474	0
475	0
476	0
477	0
478	0
479	0.246
480	0
481	0.661
482	0.333
483	0
484	0.24
485	0.216
486	0.04
487	0.301
488	0
489	0
490	0
491	0
492	0
493	0.081
494	0
495	0
496	0
497	0
498	0
499	0
500	0
501	0
502	0
503	0
504	0
505	0
506	0
507	0
508	0
509	0
510	0.653
511	0.606
512	0
513	0.276
514	0
515	0
516	0
517	0
518	0
519	0
520	0.258
521	0
522	0
523	0
524	0.003
525	0.002
526	0
527	0
528	0
529	0.065
530	0
531	0
532	0
533	0
534	0
535	0
536	0
537	0
538	0
539	0.346
540	0.343
541	0
542	0
543	0
544	0
545	0
546	0
547	0
548	0.016
549	0.368
550	0
551	0
552	0.39
553	0
554	0
555	0
556	0
557	0
558	0
559	0
560	0
561	0.179
562	0
563	0.172
564	0
565	0
566	0
567	0.678
568	0
569	0.658
570	0.664
571	0
572	0
573	0
574	0
575	0
576	0.15
577	0
578	0
579	0.153
580	0
581	0
582	0
583	0
584	0
585	0
586	0
587	0
588	0
589	0
590	0
591	0
592	0.037
593	0
594	0.035
595	0
596	0
597	0
598	0
599	0.74
600	0
601	0
602	0
603	0
604	0.506
605	0
606	0
607	0
608	0
609	0
610	0.516
611	0
612	0
613	0
614	0
615	0
616	0
617	0.034
618	0
619	0
620	0
621	0
622	0.479
623	0
624	0.561
625	0.003
626	0.524
627	0.479
628	0
629	0
630	0
631	0
632	0
633	0
634	0
635	0
636	0
637	0
638	0.993
639	0
640	0
641	0
642	0
643	0
644	0
645	0
646	0
647	0.842
648	0.702
649	0
650	0
651	0
652	0.123
653	0
654	0
655	0
656	0.925
657	0
658	0
659	0
660	0
661	0
662	0
663	0
664	0
665	0
666	0
667	0
668	0
669	0
670	0
671	0.542
672	0
673	0
674	0.321
675	0
676	0
677	0
678	0.405
679	0
680	0
681	0
682	0
683	0
684	0.001
685	0
686	0
687	0
688	0
689	0
690	0.651
691	0.585
692	0
693	0.614
694	0.386
695	0
696	0
697	0.603
698	0.397
699	0
700	0.43
701	0.57
702	0
703	0
704	0
705	0
706	0
707	0
708	0
709	0
710	0.686
711	0
712	0
713	0.675
714	0
715	0
716	0
717	0
718	0
719	0
720	0
721	0
722	0.556
723	0.444
724	0
725	0.418
726	0
727	0.359
728	0.446
729	0.554
730	0
731	0
732	0.353
733	0.647
734	0
735	0
736	0
737	0
738	0
739	0
740	0
741	0.312
742	0.742
743	0.76
744	0
745	0.425
746	0
747	0
748	0.485
749	0.419
750	0
751	0
752	0.581
753	0
754	0
755	0
756	0
757	0
758	0
759	0
760	0.424
761	0.464
762	0.752
763	0.571
764	0
765	0.429
766	0
767	0
768	0
769	0
770	0
771	0
772	0
773	0
774	0
775	0.094
776	0
777	0
778	0.405
779	0.471
780	0.537
781	0.587
782	0
783	0
784	0.409
785	0.591
786	0.644
787	0.631
788	0.725
789	0.572
790	0.643
791	0.785
792	0.879
793	0.366
794	0.634
795	0
796	0
797	0
798	0
799	0.109
800	0.689
801	0.829
802	0.924
803	0.87
804	0.447
805	0.683
806	0
807	0
808	0.37
809	0
810	0.423
811	0.533
812	0.467
813	0
814	0.795
815	0.634
816	0
817	0
818	0
819	0
820	0
821	0
822	0.495
823	0
824	0
825	0
826	0
827	0
828	0
829	0.316
830	0
831	0
832	0.005
833	0
834	0
835	0
836	0
837	0
838	0
839	0.523
840	0
841	0
842	0.676
843	0
844	0.744
845	0.827
846	0
847	0
848	0
849	0
850	0.373
851	0.315
852	0
853	0
854	0
855	0
856	0
857	0
858	0
859	0.679
860	0
861	0
862	0
863	0
864	0.642
865	0.358
866	0
867	0
868	0
869	0
870	1
871	0
872	0.162
873	0
874	0.605
875	0.395
876	0
877	0
878	0
879	0
880	0
881	0
882	0
883	0.513
884	0
885	0.58
886	0.559
887	0.673
888	0.684
889	0
890	0
891	0.374
892	0.403
893	0
894	0
895	0
896	0.767
897	0.299
898	0.558
899	0
900	0
901	0.712
902	0
903	0
904	0
905	0
906	0
907	0.614
908	0
909	0
910	0
911	0
912	0
913	0
914	0
915	0
916	0
917	0.564
918	0.436
919	0
920	0
921	0
922	0
923	0
924	0
925	0
926	0.494
927	1
928	0.618
929	0.394
930	0
931	0
932	0.681
933	0.54
934	0
935	0
936	0.641
937	0
938	0
939	0
940	0
941	0
942	0
943	0
944	0.319
945	0.742
946	0
947	0
948	0
949	0
950	0.5
951	0.5
952	0.577
953	0
954	0
955	0
956	0
957	0.324
958	0
959	0
960	0
961	0.576
962	0.881
963	0
964	0.509
965	0.491
966	0.72
967	0.736
968	0.533
969	0.467
970	0
971	0
972	0
973	0.656
974	0.559
975	0.67
976	0.582
977	0.405
978	0.845
979	0.429
980	0.378
981	0.745
982	0.59
983	0.268
984	0.544
985	0
986	0
987	0
988	0
989	0
990	0
991	0
992	0
993	0
994	0
995	0
996	0.002
997	0
998	0
999	0
1000	0
1001	0
1002	0
1003	0
1004	0.081
1005	0
1006	0.507
1007	0
1008	0
1009	0
1010	0
1011	0
1012	0
1013	0
1014	0
1015	0
1016	0
1017	0.06
1018	0
1019	0
1020	0
1021	0.326
1022	0
1023	0
1024	0
1025	0.053
1026	0
1027	0
1028	0
1029	0
1030	0.053
1031	0.08
1032	0
1033	0
1034	0.098
1035	0.078
1036	0.1
1037	0
1038	0
1039	0.045
1040	0.037
1041	0
1042	0
1043	0
1044	0
1045	0
1046	0
1047	0
1048	0
1049	0
1050	0
1051	0.052
1052	0
1053	0
1054	0
1055	0
1056	0
1057	0
1058	0
1059	0
1060	0
1061	0
1062	0.015
1063	0.017
1064	0
1065	0
1066	0
1067	0
1068	0.799
1069	0
1070	0
1071	0.716
1072	0.442
1073	0.433
1074	0
1075	0
1076	0.343
1077	0
1078	0.657
1079	0
1080	0
1081	0
1082	0.668
1083	0.728
1084	0.636
1085	0
1086	0
1087	0
1088	0.359
1089	0
1090	0
1091	0
1092	0
1093	0
1094	0
1095	0
1096	0
1097	0
1098	0
1099	0
1100	0
1101	0
1102	0.326
1103	0
1104	0
1105	0
1106	0
1107	0
1108	0
1109	0
1110	0
1111	0
1112	0
1113	0
1114	0
1115	0
1116	0
1117	0
1118	0
1119	0
1120	0
1121	0
1122	0.825
1123	0
1124	0
1125	0
1126	0
1127	0
1128	0
1129	0
1130	0
1131	0
1132	0
1133	0
1134	0
1135	0
1136	0
1137	0
1138	0
1139	0
1140	0
1141	0.522
1142	0
1143	0.079
1144	0
1145	0
1146	0
1147	0.334
1148	0
1149	0
1150	0
1151	0
1152	0
1153	0
1154	0
1155	0
1156	0
1157	0
1158	0
1159	0
1160	0
1161	0
1162	0
1163	0
1164	0
1165	0
1166	0
1167	0
1168	0
1169	0
1170	0
1171	0
1172	0
1173	0
1174	0
1175	0
1176	0
1177	0.048
1178	0
1179	0
1180	0
1181	0
1182	0
1183	0.264
1184	0.086
1185	0
1186	0
1187	0
1188	0
1189	0
1190	0.304
1191	0
1192	0
1193	0.178
1194	0
1195	0
1196	0
1197	0
1198	0
1199	0.11
1200	0
1201	0
1202	0
1203	0
1204	0.279
1205	0.262
1206	0.384
1207	0
1208	0
1209	0
1210	0
1211	0
1212	0
1213	0.425
1214	0
1215	0.016
1216	0
1217	0
1218	0
1219	0
1220	0
1221	0
1222	0
1223	0
1224	0
1225	0
1226	0
1227	0
1228	0
1229	0
1230	0
1231	0
1232	0
1233	0
1234	0
1235	0
1236	0
1237	0
1238	0
1239	0
1240	0
1241	0
1242	0
1243	0
1244	0
1245	0
1246	0
1247	0
1248	0
1249	0
1250	0
1251	0
1252	0
1253	0
1254	0
1255	0
1256	0
1257	0
1258	0
1259	0
1260	0
1261	0
1262	0
1263	0
1264	0.27
1265	0
1266	0
1267	0
1268	0
1269	0
1270	0
1271	0
1272	1
1273	0
1274	0
1275	0.659
1276	0.499
1277	0
1278	0
1279	0.009
1280	0
1281	0.005
1282	0
1283	0.133
1284	0.294
1285	0.314
1286	0
1287	0.105
1288	0.098
1289	0.095
1290	0
1291	0
1292	0
1293	0
1294	0
1295	0
1296	0.009
1297	0
1298	0
1299	0
1300	0.01
1301	0
1302	0.145
1303	0
1304	0
1305	0
1306	0
1307	0
1308	0
1309	0
1310	0
1311	0.199
1312	0
1313	0
1314	0
1315	0
1316	0
1317	0
1318	0.377
1319	0
1320	0
1321	0
1322	0.489
1323	0.515
1324	0.52
1325	0
1326	0.906
1327	0
1328	0.001
1329	0
1330	0
1331	0
1332	0
1333	0
1334	0
1335	0
1336	0
1337	0
1338	0
1339	0.004
1340	0
1341	0
1342	0.004
1343	0
1344	0.003
1345	0
1346	0
1347	0
1348	0
1349	0
1350	0
1351	0
1352	0
1353	0
1354	0
1355	0
1356	0
1357	0
1358	0
1359	0
1360	0
1361	0
1362	0.595
1363	0
1364	0
1365	0
1366	0
1367	0
1368	0.13
1369	0.288
1370	0
1371	0.293
1372	0
1373	0.001
1374	0.005
1375	0.004
1376	0.002
1377	0.003
1378	0
1379	0.007
1380	0.005
1381	0
1382	0
1383	0.511
1384	0.682
1385	0
1386	0.892
1387	0
1388	0
1389	0.584
1390	0
1391	0.869
1392	0.863
1393	0.877
1394	0.873
1395	0
1396	0.492
1397	0.492
1398	0
1399	0.835
1400	0.868
1401	0
1402	0.838
1403	0
1404	0.951
1405	0
1406	0.795
1407	0.775
1408	0.811
1409	0.799
1410	0
1411	0.45
1412	0.484
1413	0
1414	0.472
1415	0.447
1416	0
1417	1
1418	0
1419	0.616
1420	0
1421	0.623
1422	0
1423	1
1424	0
1425	1
1426	0
1427	0.883
1428	0
1429	0.583
1430	0
1431	0.442
1432	0
1433	0.367
1434	0
1435	0.406
1436	0
1437	0.353
1438	0
1439	0.382
1440	0
1441	0.198
1442	0
1443	0
1444	0
1445	0
1446	0.202
1447	0
1448	0.154
1449	0
1450	0.436
1451	0
1452	0
1453	0
1454	0
1455	0
1456	0
1457	0
1458	0.416
1459	0.686
1460	0.261
1461	0.056
1462	0
1463	0
1464	0
1465	0.612
1466	0
1467	0
1468	0
1469	0
1470	0
1471	0
1472	0
1473	0
1474	0
1475	0.247
1476	0
1477	0.336
1478	0.438
1479	0.905
1480	0.393
1481	0.529
1482	0.259
1483	0.353
1484	0.089
1485	0
1486	0.082
1487	0
1488	0
1489	0
1490	0
1491	0
1492	0
1493	0
1494	0
1495	0.106
1496	0.411
1497	0
1498	0
1499	0
1500	0
1501	0
1502	0
1503	0
1504	0
1505	0
1506	0
1507	0
1508	0
1509	0
1510	0.42
1511	0
1512	0
1513	0
1514	0
1515	0
1516	0
1517	0
1518	0
1519	0
1520	0
1521	0.478
1522	0
1523	0.187
1524	0
1525	0
1526	0
1527	0
1528	0
1529	0
1530	0
1531	0
1532	0
1533	0.307
1534	0.351
1535	0.145
1536	0.134
1537	0
1538	0.125
1539	0
1540	0.092
1541	0.055
1542	0
1543	0
1544	0
1545	0.002
1546	0
1547	0
1548	0
1549	0
1550	0
1551	0
1552	0
1553	0.468
1554	0.25
1555	0
1556	0.524
1557	0.677
1558	0.652
1559	0
1560	0.581
1561	0.738
1562	0
1563	0.253
1564	0
1565	0
1566	0
1567	0
1568	0
1569	0.133
1570	0
1571	0
1572	0.164
1573	0
1574	0.123
1575	0
1576	0
1577	0
1578	0
1579	0
1580	0
1581	0.225
1582	0.02
1583	0
1584	0
1585	0
1586	0.728
1587	0
1588	0
1589	0.753
1590	0
1591	0
1592	0.633
1593	0
1594	0
1595	0.283
1596	0
1597	0.652
1598	0.284
1599	0.39
1600	0.169
1601	0
1602	0.027
1603	0.167
1604	0.063
1605	0.39
1606	0
1607	0.199
1608	0
1609	0
1610	0.467
1611	0
1612	0
1613	0.251
1614	0
1615	0
1616	0
1617	0
1618	0.299
1619	0.303
1620	0.208
1621	0
1622	0.166
1623	0.027
1624	0
1625	0.676
1626	0.658
1627	0
1628	0
1629	0.074
1630	0
1631	0
1632	0.148
1633	0
1634	0
1635	0
1636	0
1637	0
1638	0
1639	0.094
1640	0.092
1641	0
1642	0
1643	0
1644	0
1645	0
1646	0
1647	0
1648	0
1649	0
1650	0.567
1651	0.689
1652	0.677
1653	0.41
1654	0
1655	0
1656	0
1657	0
1658	0
1659	0
1660	0
1661	0
1662	0.238
1663	0
1664	0.18
1665	0.461
1666	0
1667	0
1668	0
1669	0
1670	0
1671	0
1672	0
1673	0
1674	0
1675	0.066
1676	0
1677	0
1678	0
1679	0
1680	0.143
1681	0.421
1682	1
1683	0
1684	0.2
1685	0
1686	0.571
1687	0.429
1688	0
1689	0
1690	0
1691	0
1692	0.539
1693	0.461
1694	0.547
1695	0
1696	0.37
1697	0
1698	0
1699	0
1700	0
1701	0
1702	0
1703	0
1704	0.559
1705	0
1706	0
1707	0
1708	0
1709	0
1710	0.212
1711	0
1712	0
1713	0
1714	0
1715	0
1716	0
1717	0
1718	0
1719	0
1720	0
1721	0
1722	0
1723	0
1724	0
1725	0
1726	0
1727	0.271
1728	0
1729	0
1730	0
1731	0
1732	0
1733	0
1734	0
1735	0
1736	0
1737	0
1738	0
1739	0
1740	0
1741	0
1742	0
1743	0.438
1744	0.516
1745	0
1746	0
1747	0
1748	0
1749	0
1750	0
1751	0
1752	0
1753	0
1754	0
1755	0
1756	0
1757	0
1758	0
1759	0
1760	0
1761	0
1762	0
1763	0
1764	0
1765	0
1766	0
1767	0
1768	0
1769	0.546
1770	0.561
1771	0
1772	0
1773	0
1774	0
1775	0
1776	0.615
1777	0.623
1778	0.349
1779	0.357
1780	0
1781	0
1782	0
1783	0.158
1784	0
1785	0.195
1786	0
1787	0.491
1788	0
1789	1
1790	0
1791	0.48
1792	0
1793	0.985
1794	0
1795	0.451
1796	0
1797	0.674
1798	0
1799	0.709
1800	0
1801	0.448
1802	0
1803	0.459
1804	0
1805	0.489
1806	0
1807	0.34
1808	0
1809	1
1810	0
1811	0.651
1812	0
1813	0.888
1814	0
1815	1
1816	0
1817	0
1818	0
1819	0
1820	0
1821	0.253
1822	0
1823	0.787
1824	0
1825	0.365
1826	0
1827	0.757
1828	0
1829	0.333
1830	0
1831	0.302
1832	0
1833	0.762
1834	0
1835	0.927
1836	0
1837	0.172
1838	0
1839	0.467
1840	0
1841	0
1842	0
1843	0.788
1844	0
1845	0.78
1846	0
1847	0.609
1848	0
1849	0.613
1850	0
1851	0.347
1852	0
1853	0.668
1854	0.663
1855	0
1856	0.316
1857	0
1858	1
1859	0
1860	0
1861	0
1862	0.099
1863	0
1864	0.521
1865	0
1866	1
1867	0
1868	0.187
1869	0
1870	0.174
1871	0
1872	0.557
1873	0
1874	0.526
1875	0.513
1876	0.521
1877	0
1878	0.144
1879	0
1880	0.5
1881	0
1882	0.186
1883	0.193
1884	0
1885	0.18
1886	0
1887	0.156
1888	0
1889	0.152
1890	0
1891	0.347
1892	0
1893	0.086
1894	0
1895	0.162
1896	0
1897	0.792
1898	0
1899	0.317
1900	0
1901	0.292
1902	0
1903	0.992
1904	0
1905	0.992
1906	0
1907	0.661
1908	0
1909	0.469
1910	0
1911	0.951
1912	0
1913	1
1914	0
1915	0
1916	0
1917	0.657
1918	0
1919	0.726
1920	0
1921	0.591
1922	0
1923	0.516
1924	0
1925	0.532
1926	0
1927	0.228
1928	0
1929	0.176
1930	0
1931	0.068
1932	0
1933	0.248
1934	0.291
1935	0
1936	0.184
1937	0
1938	0.411
1939	0
1940	0.255
1941	0
1942	0.189
1943	0.191
1944	0
1945	0
1946	0
1947	0.002
1948	0
1949	0.001
1950	0
1951	0
1952	0
1953	0
1954	0.153
1955	0
1956	0
1957	0
1958	0
1959	0
1960	0
1961	0
1962	0
1963	0
1964	0.004
1965	0
1966	0
1967	0
1968	0
1969	0
1970	0
1971	0
1972	0
1973	0
1974	0
1975	0
1976	0
1977	0.08
1978	0
1979	0
1980	0
1981	0
1982	0
1983	0
1984	0
1985	0
1986	0
1987	0
1988	0
1989	0
1990	0
1991	0
1992	0
1993	0
1994	0.002
1995	0
1996	0
1997	0
1998	0
1999	0
2000	0
2001	0
2002	0
2003	0
2004	0
2005	0
2006	0
2007	0
2008	0
2009	0
2010	0
2011	0
2012	0
2013	0.498
2014	0
2015	0.737
2016	0.669
2017	0.34
2018	0
2019	0
2020	0
2021	0
2022	0
2023	0
2024	0
2025	0
2026	0
2027	0.245
2028	0
2029	0
2030	0
2031	0
2032	0
2033	0.249
2034	0
2035	0
2036	0
2037	0
2038	0.214
2039	0.23
2040	0
2041	0
2042	0.242
2043	0
2044	0
2045	0
2046	0
2047	0.376
2048	0
2049	0
2050	0
2051	0
2052	0
2053	0.001
2054	0
2055	0
2056	0
2057	0
2058	0
2059	0
2060	0
2061	0
2062	0
2063	0
2064	0
2065	0
2066	0
2067	0
2068	0
2069	0
2070	0.026
2071	0
2072	0.041
2073	0.498
2074	0
2075	0
2076	0
2077	0
2078	0.067
2079	0
2080	0
2081	0.252
2082	0
2083	0
2084	0
2085	0
2086	0
2087	0
2088	0
2089	0.163
2090	0.001
2091	0
2092	0
2093	0
2094	0.029
2095	0
2096	0
2097	0
2098	0.026
2099	0
2100	0
2101	0
2102	0
2103	0
2104	0
2105	0
2106	0
2107	0
2108	0
2109	0
2110	0
2111	0
2112	0
2113	0
2114	0
2115	0.037
2116	0.276
2117	0
2118	0
2119	0.391
2120	0
2121	0.253
2122	0
2123	0
2124	0
2125	0.243
2126	0
2127	0
2128	0.043
2129	0.094
2130	0
2131	0
2132	0.007
2133	0
2134	0
2135	0
2136	0
2137	0.415
2138	0.429
2139	0
2140	0
2141	0.384
2142	0
2143	0
2144	0
2145	0
2146	0
2147	0
2148	0.114
2149	0.053
2150	0
2151	0
2152	0.054
2153	0.009
2154	0.009
2155	0
2156	0.285
2157	0
2158	0.229
2159	0
2160	0
2161	0
2162	0
2163	0.152
2164	0
2165	0
2166	0.334
2167	0
2168	0
2169	0
2170	0
2171	0.072
2172	0
2173	0
2174	0
2175	0
2176	0
2177	0
2178	0
2179	0
2180	0
2181	0
2182	0
2183	0
2184	0
2185	0
2186	0
2187	0
2188	0
2189	0
2190	0
2191	0.626
2192	0
2193	0
2194	0
2195	0
2196	0
2197	0
2198	0
2199	0.39
2200	0
2201	0
2202	0
2203	0
2204	0
2205	0
2206	0
2207	0.447
2208	0
2209	0
2210	0
2211	0
2212	0
2213	0.334
2214	0
2215	1
2216	0
2217	0
2218	0
2219	0
2220	0.382
2221	0.407
2222	0
2223	0
